Date Time	CPU	Memory	DiskInput	DiskOutput	NetIn	NetOut
2014-09-23 22:43:28	2.1	21.2	0	29491	599	293
2014-09-23 22:48:53	6.5	22.7	81100	300851	1217	596
2014-09-23 22:54:04	6.4	19.7	79872	14745	413	34
2014-09-23 22:59:15	1.9	19.6	52428	77312	407	144
2014-09-23 23:04:26	2.7	19.4	78643	17203	257	0
2014-09-23 23:09:37	1.9	19.1	78643	819	10	27
2014-09-23 23:14:48	1.4	19.2	52428	25497	515	123
2014-09-23 23:19:59	0.2	19.1	0	23654	276	20
2014-09-23 23:25:10	0.4	19.3	6553	74956	417	111
2014-09-23 23:30:21	1.7	18.4	0	18022	257	0
2014-09-23 23:35:32	2.5	17.6	52428	30310	417	0
2014-09-23 23:40:43	8.0	21.7	34406	456704	693	29054
2014-09-23 23:45:54	2.9	17.7	52428	7782	344	126
2014-09-24 18:29:43	2.0	20.2	334131	187801	4580	38975
2014-09-24 18:34:54	9.3	20.9	16384	506982	1092	1616
2014-09-24 18:40:05	0.8	17.4	252108	22732	21	54
2014-09-24 18:45:16	18.4	18.8	8192	3411148	623032	23954358
2014-09-24 18:50:27	15.8	18.1	838860	13514035	462652	24158709
2014-09-24 18:55:38	1.7	17.6	0	43110	2375	8124
2014-09-24 19:00:49	8.8	17.6	838860	12492	196016	15006
2014-09-24 19:06:00	9.1	17.4	783155	36761	1226	5766
2014-09-24 19:11:11	9.3	17.8	978841	46796	2019	6097
2014-09-24 19:16:22	9.0	17.5	856064	52326	831	6092
2014-09-24 19:21:33	1.2	16.9	0	8192	438	30
2014-09-24 19:26:44	6.7	24.6	17203	1251123	1368	800
2014-09-24 19:31:55	1.8	20.8	0	6553	289	21
2014-09-24 19:37:06	3.9	25.8	37683	1614950	2429	165688
2014-09-24 19:42:17	2.9	25.1	142028	32563	689	116
2014-09-24 19:47:28	2.3	23.2	12390	186675	3549	6195
2014-09-24 19:52:39	2.1	23.8	0	479334	332	12
2014-09-24 19:57:50	3.7	26.0	29286	980787	18551	526240
2014-09-24 20:03:01	2.4	23.1	13107	93900	0	0
2014-09-24 20:08:12	5.9	23.7	10649	120934	20009	151656
2014-09-24 20:13:23	16.4	17.1	0	11878	358	30
2014-09-24 20:18:34	17.0	22.0	10341683	24166	257	0
2014-09-24 20:23:45	22.4	28.9	7498956	5061120	3352	12738
2014-09-24 20:28:56	19.1	26.9	5070233	9081958	257	0
2014-09-24 20:34:07	17.3	29.8	24699596	261734	6302	35073
2014-09-24 20:39:18	3.3	23.7	452198	216780	13458	32300
2014-09-24 20:44:29	6.4	24.0	419430	50892	330	55
2014-09-24 20:49:40	3.7	32.6	419430	7372	257	0
2014-09-24 20:54:51	0.9	20.1	2704793	164556	257	0
2014-09-24 21:00:02	4.9	22.8	0	10649	257	0
2014-09-24 21:05:13	0.8	21.5	0	17203	409	30
2014-09-24 21:10:24	8.9	21.4	419430	819	278	30
2014-09-24 21:15:35	9.6	21.4	419430	6553	247	214
2014-09-24 21:20:47	8.5	21.6	419430	14028	543	118
2014-09-24 21:25:58	18.2	21.4	0	18329	268	21
2014-09-24 21:31:09	8.4	21.5	419430	5222	371	74
2014-09-24 21:36:20	9.4	21.4	419430	14848	257	0
2014-09-24 21:41:31	8.2	20.8	838860	18022	257	0
2014-09-25 10:46:31	6.4	21.8	8192	90624	1119	56853
2014-09-25 10:51:42	4.1	21.8	0	58572	721	40364
2014-09-25 16:30:33	6.8	26.0	1638	247500	2339	96008
2014-09-25 16:35:44	5.1	27.9	3276	924876	689	59178
2014-09-25 16:40:55	5.3	29.3	45875	557363	2011	50758
2014-09-25 16:46:06	1.8	31.5	19660	585011	792	33976
2014-09-25 16:51:17	0.4	32.1	0	6553	90	12
2014-09-25 16:56:28	2.7	34.7	555417	1714073	4895	15506
2014-09-25 17:01:39	1.2	36.1	14745	266137	851	20843
2014-09-25 17:06:50	19.5	36.9	7372	889548	2831	65665
2014-09-25 17:12:02	15.4	23.6	22937	376627	941	546
2014-09-25 17:17:13	0.8	19.9	39321	250060	2248	38903
2014-09-25 17:22:24	1.1	15.7	0	10649	634	118
2014-09-25 17:27:35	1.8	15.5	0	18022	0	0
2014-09-25 17:32:46	0.6	15.5	0	26931	337	0
2014-09-25 17:37:57	0.2	15.6	0	1638	304	54
2014-09-25 17:43:08	5.1	15.6	0	25907	2745	2508
2014-09-25 17:48:19	12.9	15.6	10284851	206438	257	0
2014-09-25 17:53:30	17.6	16.8	60615168	53862	291	74
2014-09-25 17:58:41	5.4	19.6	0	284467	747	175
2014-09-25 18:03:52	3.2	19.7	0	647168	11560	145059
2014-09-25 18:09:03	4.3	20.9	0	205619	421	141
2014-09-25 18:14:14	0.9	21.0	0	304844	3745	67879
2014-09-25 18:19:25	9.7	20.6	3276	371712	3802	109162
2014-09-25 18:24:36	3.3	20.0	0	214118	6386	58536
2014-09-25 18:29:47	1.6	20.5	0	85094	2558	45782
2014-09-25 18:34:58	7.5	20.4	0	173465	1253	4241
2014-09-25 18:40:09	5.7	20.6	0	225484	2945	42118
2014-09-25 18:45:20	2.0	20.3	0	271462	1132	213
2014-09-25 18:50:31	1.1	17.0	0	10649	337	0
2014-09-25 18:55:42	1.1	16.9	0	16896	257	0
2014-09-25 19:00:53	3.8	19.7	0	152678	4917	79841
2014-09-25 19:06:04	1.3	20.1	0	213606	6010	85819
2014-09-25 19:11:15	1.0	16.9	0	43008	257	0
2014-09-25 19:16:26	0.6	16.9	0	819	58	0
2014-09-25 19:21:37	0.4	16.9	0	14028	344	126
2014-09-25 19:26:48	0.2	16.9	0	11878	257	0
2014-09-25 19:31:59	0.2	16.9	0	12697	648	570
2014-09-25 19:37:10	0.2	17.1	0	22016	425	76
2014-09-25 19:42:21	0.3	17.0	0	13107	337	0
2014-09-25 19:47:32	0.5	17.0	0	13926	287	0
2014-09-25 19:52:44	1.5	17.0	0	4915	119	0
2014-09-25 19:57:55	0.6	17.2	0	62668	306	0
2014-09-25 20:03:06	0.7	17.2	0	25907	337	0
2014-09-25 20:08:17	0.9	17.0	0	8192	257	0
2014-09-25 20:13:28	0.6	17.1	0	39014	257	0
2014-09-25 20:18:39	0.2	17.0	0	15667	257	25
2014-09-25 20:23:50	1.2	17.1	0	819	337	0
2014-09-25 20:29:01	0.2	20.0	0	270336	285	46
2014-09-25 20:34:12	1.2	19.9	0	22937	257	0
2014-09-25 20:39:23	0.6	20.0	0	1060454	257	48
2014-09-25 20:44:34	1.0	21.0	0	15564	424	150
2014-09-25 20:49:45	1.6	22.3	1553408	302694	268	60
2014-09-25 20:54:56	18.2	22.3	16384	313856	2166	135419
2014-09-25 21:00:07	8.7	21.9	0	262963	2028	107928
2014-09-25 21:05:18	1.0	21.6	0	18022	327	24
2014-09-25 21:10:29	6.6	22.1	0	276889	1047	104594
2014-09-25 21:15:40	1.7	22.1	0	38092	268	84
2014-09-25 21:20:51	7.2	22.6	0	195891	3480	214758
2014-09-25 21:26:02	4.9	22.2	0	1312358	1259	346
2014-09-25 21:31:13	6.0	20.7	0	387481	563	28442
2014-09-25 21:36:24	4.5	20.6	2945536	4915	543	17
2014-09-25 21:41:35	3.1	20.8	0	46899	800	86
2014-09-25 21:46:46	6.4	21.0	0	16384	708	42836
2014-09-25 21:51:57	15.2	20.5	36044	12697	90	21
2014-09-25 21:57:08	1.7	20.8	0	32460	312	52
2014-09-25 22:02:19	3.9	20.8	0	236748	997	65962
2014-09-25 22:07:30	4.1	20.7	0	294092	257	0
2014-09-25 22:12:41	0.8	20.7	874905	624640	257	0
2014-09-25 22:17:52	2.9	20.0	0	6553	257	0
2014-09-25 22:23:03	12.7	22.4	119193	1323110	12536	75954
2014-09-25 22:28:14	9.8	19.4	419430	10649	337	0
2014-09-25 22:33:25	8.4	19.4	0	15564	257	0
2014-09-25 22:38:37	9.6	19.4	865075	220979	301	0
2014-09-26 15:40:26	1.6	19.9	80281	66252	777	13502
2014-09-26 15:45:37	13.6	20.7	470118	2076057	3064	96635
2014-09-26 15:50:49	3.7	23.3	4915	1231769	257	24
2014-09-26 15:56:00	1.8	18.4	66355	715366	19763	155690
2014-09-26 16:01:11	3.1	21.6	0	21708	21	49
2014-09-26 16:06:22	5.9	19.7	819	267161	1223	92792
2014-09-26 16:11:33	0.8	21.0	13107	9830	1005	19243
2014-09-26 16:16:44	18.0	20.6	9830	638976	822	2922
2014-09-26 16:21:55	4.5	20.3	226099	719360	978	36553
2014-09-26 16:27:06	3.0	20.4	0	13926	599	21585
2014-09-26 16:32:17	5.5	20.6	24576	60928	4198	3137
2014-09-26 16:37:28	0.8	20.1	0	20172	80	0
2014-09-26 16:42:39	3.9	20.5	0	245760	863	57326
2014-09-26 16:47:50	0.6	20.0	0	5734	0	0
2014-09-26 16:53:01	0.3	19.9	0	5734	257	0
2014-09-26 16:58:12	1.2	19.8	0	15564	257	0
2014-09-26 17:03:23	11.5	20.5	5458534	933478	430	99
2014-09-26 17:08:34	0.4	20.4	0	15257	337	0
2014-09-26 17:13:45	1.0	20.3	0	906854	268	12
2014-09-26 17:18:56	12.2	22.1	675020	487014	1327	2718
2014-09-26 17:24:07	0.8	21.1	85708	13926	377	1290
2014-09-26 17:29:18	2.1	22.2	3276	879001	1470	360
2014-09-26 17:34:29	1.1	21.4	0	169676	268	96
2014-09-26 17:39:40	1.0	21.0	0	16793	273	114
2014-09-26 17:44:51	0.6	21.0	0	5734	257	48
2014-09-26 17:50:02	4.0	20.6	0	18841	400	39
2014-09-26 17:55:13	0.3	20.6	0	14745	257	0
2014-09-26 18:00:24	5.9	21.1	0	33587	532	17431
2014-09-26 18:05:35	10.2	21.5	0	43417	1218	57638
2014-09-26 18:10:46	9.5	21.7	75468	135577	23227	21240
2014-09-26 18:15:57	1.2	22.5	0	17408	1016	1061
2014-09-26 18:21:08	4.0	21.8	0	8192	769	27343
2014-09-26 18:26:19	7.9	22.1	0	13209	783	57302
2014-09-26 18:31:30	8.3	25.9	111411	1084928	2137	32540
2014-09-26 18:36:41	5.7	27.7	0	66048	4288	9965
2014-09-26 18:41:53	4.7	25.4	6553	234086	11376	123948
2014-09-26 18:47:04	5.4	25.1	0	18841	328	12
2014-09-26 18:52:15	4.2	25.2	0	18022	824	53886
2014-09-26 18:57:26	1.3	25.0	0	21196	337	0
2014-09-26 19:02:37	1.1	25.1	0	8704	845	243
2014-09-26 19:07:48	8.0	25.2	0	48332	1626	145340
2014-09-26 19:12:59	2.6	25.2	6553	42803	4370	91861
2014-09-26 19:18:10	2.2	26.5	3276	295731	780	26590
2014-09-26 19:23:21	4.8	25.6	661913	547737	1570	23697
2014-09-26 19:28:32	6.9	26.7	0	675020	576	167
2014-09-26 19:33:43	7.7	19.8	945561	153190	-91696	-234064
2014-09-26 19:38:54	0.8	18.9	0	10649	80	0
2014-09-26 19:44:05	3.3	18.7	419430	1067929	345	8
2014-09-26 19:49:16	1.5	22.4	0	26931	333	48
2014-09-26 19:54:27	5.1	18.7	419430	17715	393	484
2014-09-26 19:59:38	4.6	18.7	419430	10649	257	0
2014-09-26 20:04:49	6.1	18.8	419430	7475	456	118
2014-09-26 20:10:00	5.5	18.8	419430	43110	593	192
2014-09-26 20:15:11	3.5	18.8	0	5734	8	8
2014-09-26 20:20:22	4.8	18.8	419430	19763	405	56
2014-09-26 20:25:33	4.3	18.8	421068	35020	327	0
2014-09-26 20:30:44	3.7	18.7	419430	36044	345	8
2014-09-26 20:35:55	4.1	18.7	0	3276	309	0
2014-09-26 20:41:06	6.0	18.7	419430	13107	257	0
2014-09-26 20:46:17	5.5	18.7	419430	14745	257	0
2014-09-26 20:51:28	1.0	18.7	0	4915	0	0
2014-09-26 20:56:39	1.0	18.5	0	716	257	24
2014-09-26 21:01:50	1.2	18.6	0	13619	257	24
2014-09-26 21:07:01	1.0	18.5	0	13926	380	8
2014-09-26 21:12:12	0.6	19.6	0	6553	501	1435
2014-09-26 21:17:23	5.7	19.6	438272	5734	257	24
2014-09-26 21:22:34	8.2	23.7	117964	942080	5393	174307
2014-09-26 21:27:46	8.2	29.6	158924	1380454	14632	556154
2014-09-26 21:32:57	8.4	26.3	231833	473088	29564	516501
2014-09-26 21:38:08	6.3	18.6	0	32768	268	0
2014-09-26 21:43:19	1.9	18.5	8406323	197427	3332	2968
2014-09-26 21:48:30	0.4	19.2	14745	26419	293	88
2014-09-26 21:53:41	5.9	23.6	18841	451379	19202	208068
2014-09-26 21:58:52	6.1	26.4	32051	58572	788	303
2014-09-26 22:04:03	3.1	30.1	22937	305971	11424	93474
2014-09-26 22:09:14	1.7	28.1	0	84684	287	90
2014-09-26 22:14:25	3.7	27.2	0	14336	478	576
2014-09-26 22:19:36	6.8	22.2	178073	336588	2439	1509
2014-09-26 22:24:47	1.0	19.4	0	43417	1103	470
2014-09-26 22:29:58	1.4	19.4	0	19148	268	21
2014-09-26 22:35:09	2.3	21.8	36352	74752	1814	159
2014-09-26 22:40:20	1.0	19.1	0	21401	0	24
2014-09-26 22:45:31	3.7	19.3	734412	3305164	233181	10135867
2014-09-26 22:50:42	2.3	19.0	0	7168	1068853	46230
2014-09-26 22:55:53	2.6	18.7	0	40755	252505	9480
2014-09-26 23:01:04	1.4	18.8	0	30924	451419	23657
2014-09-26 23:06:15	1.6	18.6	0	10649	411	74
2014-09-27 20:07:07	1.6	17.2	6553	99123	23403	241756
2014-09-27 20:12:18	1.4	20.9	0	8704	516	581
2014-09-27 20:17:29	1.0	20.7	0	355532	317	1789
2014-09-27 20:22:40	1.0	21.1	3276	61235	619	357
2014-09-27 20:27:51	13.3	17.2	864563	228352	257	24
2014-09-27 20:33:02	24.8	20.6	6553	251392	11834	381746
2014-09-27 20:38:14	12.5	22.1	181862	938393	32254	750330
2014-09-27 20:43:25	4.0	23.5	0	604057	1033	3055
2014-09-27 20:48:36	11.2	29.2	52428	1237401	17548	637680
2014-09-27 20:53:47	4.7	46.9	135168	3036467	349	36
2014-09-27 20:58:58	5.9	58.7	411238	1770803	14340	488700
2014-09-27 21:04:09	4.2	43.1	117145	1342771	268	27
2014-09-27 21:09:20	22.7	22.9	384000	1763020	29693	1086147
2014-09-27 21:14:31	6.1	23.9	15564	1021235	35963	502478
2014-09-27 21:19:42	11.1	24.9	111411	1429196	31348	984990
2014-09-27 21:24:53	12.5	25.7	159744	1575321	35657	943616
2014-09-27 21:30:04	3.8	27.6	0	588083	343	96
2014-09-27 21:35:15	1.9	29.2	0	458342	30054	351919
2014-09-27 21:40:26	11.9	36.4	13107	798003	24591	319057
2014-09-27 21:45:37	9.9	36.2	8192	842240	2518	40392
2014-09-27 21:50:48	5.2	26.0	5734	261017	1939	25374
2014-09-27 21:55:59	0.8	17.2	0	4198	363	149
2014-09-27 22:01:10	2.4	17.1	0	2457	331	74
2014-09-27 22:06:21	2.4	22.0	6553	192307	1993	28007
2014-09-27 22:11:32	1.8	26.2	3276	108339	2094	8714
2014-09-27 22:16:43	0.9	20.4	14745	68403	1450	1089
2014-09-27 22:21:54	14.2	18.0	855244	236134	353	86
2014-09-27 22:27:05	3.1	21.6	6553	172339	1870	3817
2014-09-27 22:32:16	9.7	21.0	0	339660	2373	4290
2014-09-27 22:37:27	7.7	22.4	3276	1217331	19007	756440
2014-09-27 22:42:38	2.5	23.4	444006	813363	9397	126602
2014-09-27 22:47:49	1.9	23.3	13107	379494	8258	38236
2014-09-27 22:53:00	3.0	23.5	58982	493875	4714	87887
2014-09-27 22:58:11	9.3	25.7	78643	961433	677	744
2014-09-27 23:03:22	5.3	30.6	131174	302080	364	138
2014-09-27 23:08:33	24.2	37.6	100761	1951948	34406	662485
2014-09-27 23:13:44	1.2	31.4	53248	889036	45458	516724
2014-09-27 23:18:55	13.0	33.7	94208	503091	1508	2566
2014-09-27 23:24:07	9.7	35.2	128614	1983692	12318	226642
2014-09-27 23:29:18	11.4	31.0	0	1583206	33168	1345519
2014-09-27 23:34:29	3.2	24.2	0	146124	4782	11054
2014-09-27 23:39:40	1.1	17.6	0	18841	129	44
2014-09-27 23:44:51	1.9	20.2	13107	90316	406	216
2014-09-27 23:50:02	1.7	20.8	0	921	5861	46151
2014-09-27 23:55:13	2.5	21.7	6553	123084	1187	372
